anode_ocv_table_start
4=col
0xaef9ea8a=crc
0.9002000000, 0.8733000000, 0.8475000000, 0.8246000000
0.8023000000, 0.7809000000, 0.7610000000, 0.7409000000
0.7217000000, 0.7025000000, 0.6842000000, 0.6668000000
0.6491000000, 0.6330000000, 0.6178000000, 0.6029000000
0.5884000000, 0.5747000000, 0.5614000000, 0.5484000000
0.5357000000, 0.5236000000, 0.5112000000, 0.4991000000
0.4870000000, 0.4755000000, 0.4634000000, 0.4520000000
0.4405000000, 0.4296000000, 0.4185000000, 0.4082000000
0.3983000000, 0.3890000000, 0.3797000000, 0.3707000000
0.3621000000, 0.3537000000, 0.3447000000, 0.3354000000
0.3245000000, 0.3112000000, 0.2960000000, 0.2808000000
0.2694000000, 0.2622000000, 0.2570000000, 0.2523000000
0.2473000000, 0.2424000000, 0.2368000000, 0.2306000000
0.2247000000, 0.2191000000, 0.2148000000, 0.2105000000
0.2070000000, 0.2036000000, 0.2008000000, 0.1984000000
0.1965000000, 0.1940000000, 0.1922000000, 0.1903000000
0.1884000000, 0.1866000000, 0.1850000000, 0.1835000000
0.1822000000, 0.1807000000, 0.1788000000, 0.1776000000
0.1760000000, 0.1745000000, 0.1733000000, 0.1714000000
0.1702000000, 0.1689000000, 0.1677000000, 0.1664000000
0.1652000000, 0.1640000000, 0.1630000000, 0.1621000000
0.1615000000, 0.1609000000, 0.1605000000, 0.1605000000
0.1605000000, 0.1612000000, 0.1618000000, 0.1630000000
0.1649000000, 0.1664000000, 0.1686000000, 0.1698000000
0.1708000000, 0.1698000000, 0.1658000000, 0.1550000000
0.1224000000, 0.9002000000, 0.8674000000, 0.8376000000
0.8116000000, 0.7880000000, 0.7660000000, 0.7446000000
0.7245000000, 0.7046000000, 0.6854000000, 0.6662000000
0.6479000000, 0.6302000000, 0.6135000000, 0.5970000000
0.5819000000, 0.5670000000, 0.5530000000, 0.5394000000
0.5261000000, 0.5137000000, 0.5009000000, 0.4889000000
0.4765000000, 0.4647000000, 0.4526000000, 0.4408000000
0.4287000000, 0.4175000000, 0.4064000000, 0.3958000000
0.3859000000, 0.3760000000, 0.3670000000, 0.3580000000
0.3500000000, 0.3419000000, 0.3342000000, 0.3267000000
0.3190000000, 0.3100000000, 0.2979000000, 0.2830000000
0.2725000000, 0.2672000000, 0.2628000000, 0.2591000000
0.2548000000, 0.2504000000, 0.2442000000, 0.2368000000
0.2300000000, 0.2241000000, 0.2188000000, 0.2139000000
0.2095000000, 0.2061000000, 0.2033000000, 0.2002000000
0.1977000000, 0.1959000000, 0.1937000000, 0.1919000000
0.1903000000, 0.1884000000, 0.1872000000, 0.1853000000
0.1838000000, 0.1822000000, 0.1807000000, 0.1795000000
0.1776000000, 0.1760000000, 0.1748000000, 0.1733000000
0.1717000000, 0.1695000000, 0.1680000000, 0.1661000000
0.1646000000, 0.1624000000, 0.1609000000, 0.1596000000
0.1581000000, 0.1568000000, 0.1556000000, 0.1543000000
0.1534000000, 0.1528000000, 0.1522000000, 0.1515000000
0.1512000000, 0.1515000000, 0.1519000000, 0.1525000000
0.1531000000, 0.1534000000, 0.1522000000, 0.1469000000
0.1339000000, 0.1010000000, 0.9002000000, 0.8550000000
0.8159000000, 0.7840000000, 0.7567000000, 0.7331000000
0.7118000000, 0.6913000000, 0.6721000000, 0.6532000000
0.6349000000, 0.6166000000, 0.5986000000, 0.5815000000
0.5654000000, 0.5490000000, 0.5341000000, 0.5199000000
0.5062000000, 0.4932000000, 0.4805000000, 0.4684000000
0.4566000000, 0.4448000000, 0.4330000000, 0.4219000000
0.4104000000, 0.3989000000, 0.3875000000, 0.3763000000
0.3658000000, 0.3555000000, 0.3453000000, 0.3357000000
0.3276000000, 0.3193000000, 0.3115000000, 0.3041000000
0.2969000000, 0.2907000000, 0.2839000000, 0.2777000000
0.2715000000, 0.2644000000, 0.2542000000, 0.2449000000
0.2399000000, 0.2362000000, 0.2331000000, 0.2303000000
0.2256000000, 0.2194000000, 0.2120000000, 0.2049000000
0.1981000000, 0.1915000000, 0.1857000000, 0.1810000000
0.1764000000, 0.1726000000, 0.1689000000, 0.1658000000
0.1630000000, 0.1609000000, 0.1590000000, 0.1574000000
0.1553000000, 0.1540000000, 0.1525000000, 0.1512000000
0.1500000000, 0.1488000000, 0.1469000000, 0.1453000000
0.1432000000, 0.1410000000, 0.1382000000, 0.1351000000
0.1323000000, 0.1295000000, 0.1277000000, 0.1252000000
0.1236000000, 0.1221000000, 0.1209000000, 0.1196000000
0.1184000000, 0.1178000000, 0.1165000000, 0.1156000000
0.1150000000, 0.1143000000, 0.1137000000, 0.1134000000
0.1128000000, 0.1119000000, 0.1100000000, 0.1047000000
0.0948000000, 0.0750000000, 0.0412000000, 0.9002000000
0.8463000000, 0.8017000000, 0.7651000000, 0.7359000000
0.7111000000, 0.6897000000, 0.6696000000, 0.6507000000
0.6321000000, 0.6138000000, 0.5958000000, 0.5784000000
0.5611000000, 0.5443000000, 0.5288000000, 0.5133000000
0.4997000000, 0.4858000000, 0.4727000000, 0.4603000000
0.4479000000, 0.4365000000, 0.4247000000, 0.4135000000
0.4014000000, 0.3903000000, 0.3785000000, 0.3673000000
0.3562000000, 0.3453000000, 0.3354000000, 0.3255000000
0.3168000000, 0.3084000000, 0.3000000000, 0.2926000000
0.2855000000, 0.2787000000, 0.2721000000, 0.2659000000
0.2604000000, 0.2539000000, 0.2439000000, 0.2371000000
0.2331000000, 0.2306000000, 0.2281000000, 0.2250000000
0.2204000000, 0.2132000000, 0.2064000000, 0.1999000000
0.1928000000, 0.1863000000, 0.1813000000, 0.1764000000
0.1714000000, 0.1671000000, 0.1624000000, 0.1590000000
0.1556000000, 0.1531000000, 0.1512000000, 0.1497000000
0.1484000000, 0.1469000000, 0.1453000000, 0.1444000000
0.1432000000, 0.1419000000, 0.1407000000, 0.1391000000
0.1376000000, 0.1357000000, 0.1333000000, 0.1298000000
0.1267000000, 0.1236000000, 0.1215000000, 0.1196000000
0.1181000000, 0.1168000000, 0.1153000000, 0.1143000000
0.1131000000, 0.1122000000, 0.1116000000, 0.1106000000
0.1097000000, 0.1088000000, 0.1075000000, 0.1069000000
0.1057000000, 0.1047000000, 0.1035000000, 0.1010000000
0.0954000000, 0.0837000000, 0.0629000000, 0.0297000000
anode_ocv_table_end
weight_table_start
4=col
0x3af5ea06=crc
0.6751301152, 0.6824840596, 0.6883704080, 0.6927891605
0.6957403169, 0.6969700462, 0.6968295963, 0.6938786816
0.6899760011, 0.6829644126, 0.6716584298, 0.6583801140
0.6479180084, 0.6444271530, 0.6471752368, 0.6529707689
0.6584664590, 0.6604909522, 0.6556963415, 0.6461851522
0.6373419884, 0.6305249862, 0.6240877207, 0.6177712187
0.6113303722, 0.6045339452, 0.5973044088, 0.5896538609
0.5817542914, 0.5738663037, 0.5662049762, 0.5589271681
0.5520251983, 0.5454831424, 0.5393017879, 0.5333891213
0.5276586837, 0.5220039567, 0.5164712427, 0.5102618073
0.5033223611, 0.4963302906, 0.4900164884, 0.4850465165
0.4797533862, 0.4772698833, 0.4790346556, 0.4860158280
0.5026910434, 0.5232797965, 0.5423983135, 0.5550068027
0.5587812520, 0.5557237874, 0.5506139811, 0.5474741339
0.5453439423, 0.5436189194, 0.5424602321, 0.5417557634
0.5406862832, 0.5386037695, 0.5360042239, 0.5337329039
0.5327638192, 0.5337547155, 0.5367547936, 0.5409955815
0.5455980224, 0.5502866557, 0.5549048676, 0.5590813265
0.5621258523, 0.5636640029, 0.5638532872, 0.5633270346
0.5629961657, 0.5637008907, 0.5657976461, 0.5689123023
0.5724833950, 0.5760886126, 0.5794233761, 0.5821515495
0.5844285507, 0.5864656713, 0.5884292441, 0.5904682915
0.5926633877, 0.5949735912, 0.5972181069, 0.5993523565
0.6015340459, 0.6037157354, 0.6058974248, 0.6080791143
0.6102608037, 0.6124424932, 0.6146241826, 0.6168058721
0.6189875615, 0.7318044927, 0.7287863554, 0.7245897167
0.7192145764, 0.7126609345, 0.7016711838, 0.6930020784
0.6859862367, 0.6778399616, 0.6702233658, 0.6626291732
0.6550641123, 0.6492555072, 0.6442888433, 0.6382959219
0.6297161192, 0.6197967912, 0.6104573178, 0.6000973987
0.5903022334, 0.5799735220, 0.5703528714, 0.5640846722
0.5616020168, 0.5613062849, 0.5614920478, 0.5602570302
0.5544720511, 0.5471046523, 0.5400676677, 0.5343684666
0.5288260836, 0.5230788567, 0.5166743265, 0.5088457954
0.5015976245, 0.4950295541, 0.4886152083, 0.4823302989
0.4763950976, 0.4702752463, 0.4636561508, 0.4570154693
0.4509116069, 0.4458105094, 0.4421074642, 0.4383235304
0.4369955326, 0.4372039950, 0.4370021523, 0.4372004547
0.4374120390, 0.4381723683, 0.4439764014, 0.4532690022
0.4647297533, 0.4741221993, 0.4790009768, 0.4801544147
0.4770111139, 0.4753224295, 0.4736595407, 0.4720353669
0.4711495578, 0.4716076698, 0.4737484541, 0.4773253614
0.4813749942, 0.4850799168, 0.4883150803, 0.4910821353
0.4931549330, 0.4938670674, 0.4924320898, 0.4888420578
0.4838117088, 0.4734596462, 0.4685120964, 0.4777492025
0.4974979042, 0.5230843878, 0.5496227615, 0.5718866809
0.5838375949, 0.5865467720, 0.5941465746, 0.6006264741
0.6054339307, 0.6093263791, 0.6128523781, 0.6161604923
0.6197473778, 0.6237919537, 0.6280513792, 0.6319517668
0.6357925001, 0.6396896819, 0.6435868637, 0.6474840455
0.6513812273, 0.6552784091, 0.7414530844, 0.7430729732
0.7416222485, 0.7371009104, 0.7295089588, 0.7151709722
0.7017185923, 0.6887508577, 0.6764559825, 0.6643765852
0.6521286697, 0.6395735203, 0.6267805079, 0.6138218634
0.6001304075, 0.5870867863, 0.5743692527, 0.5654600392
0.5607166969, 0.5582552454, 0.5560269145, 0.5519347769
0.5447137998, 0.5354643976, 0.5247918802, 0.5161324382
0.5071556217, 0.4984006540, 0.4913625193, 0.4851238146
0.4791346600, 0.4729760150, 0.4661855188, 0.4581460287
0.4486476194, 0.4407825900, 0.4332245514, 0.4231893322
0.4185323346, 0.4181778489, 0.4203713932, 0.4226779116
0.4231561133, 0.4184249793, 0.4120697280, 0.4100903314
0.4126002720, 0.4170595993, 0.4209306101, 0.4220164604
0.4187877339, 0.4141072194, 0.4099884275, 0.4060586832
0.4025246319, 0.3992049864, 0.3960022739, 0.3913746789
0.3860898842, 0.3875430861, 0.3928048611, 0.3994735272
0.4057256555, 0.4097878202, 0.4091415142, 0.4013311087
0.4040729845, 0.4115786702, 0.4215304281, 0.4321093667
0.4387079571, 0.4442552018, 0.4512260015, 0.4639491621
0.4763150027, 0.4856682372, 0.4901017890, 0.4879269093
0.4778146943, 0.4748915729, 0.4819116374, 0.4966455896
0.5163703224, 0.5380603779, 0.5580121149, 0.5717166119
0.5793140631, 0.5867605237, 0.5934943413, 0.5994024436
0.6048920134, 0.6106374994, 0.6168844435, 0.6236457795
0.6302273226, 0.6363393325, 0.6426310052, 0.6489226780
0.6552143507, 0.6615060235, 0.6677976962, 0.7785475034
0.7741410701, 0.7683291468, 0.7611117336, 0.7524888305
0.7412879806, 0.7300620464, 0.7183636100, 0.7061348284
0.6936251123, 0.6810321945, 0.6684368581, 0.6559149511
0.6436075634, 0.6315730978, 0.6198379053, 0.6084149987
0.5973094581, 0.5864883764, 0.5758713527, 0.5653844706
0.5549426249, 0.5445432126, 0.5343470095, 0.5245293460
0.5151821579, 0.5060897799, 0.4969355532, 0.4864782502
0.4769484471, 0.4680258907, 0.4595557955, 0.4514097463
0.4432689875, 0.4347692523, 0.4252534744, 0.4165281477
0.4081690292, 0.3999546843, 0.3916285493, 0.3837433680
0.3781614236, 0.3727363278, 0.3705580243, 0.3704061614
0.3711354569, 0.3717674574, 0.3710551950, 0.3702577841
0.3653053356, 0.3626642100, 0.3612821738, 0.3596173606
0.3577194611, 0.3579886615, 0.3585936826, 0.3577069789
0.3570098327, 0.3546474790, 0.3504706386, 0.3450033783
0.3414223904, 0.3354315420, 0.3330191969, 0.3379426541
0.3469572030, 0.3563546992, 0.3667026870, 0.3774121890
0.3842380981, 0.3862235823, 0.3881390793, 0.3960406057
0.4059876613, 0.4198785761, 0.4385620215, 0.4555588493
0.4664142233, 0.4651382284, 0.4635553341, 0.4610007079
0.4649650752, 0.4741700790, 0.4875908263, 0.5033358580
0.5185555922, 0.5314899113, 0.5430821907, 0.5517841040
0.5609012558, 0.5697199857, 0.5785562343, 0.5877283030
0.5972056576, 0.6064787302, 0.6158293603, 0.6249825012
0.6342109905, 0.6434394798, 0.6526679691, 0.6618964585
weight_table_end
origin_ocv_table_start
4=col
0xcf51b110=crc
2.8999000000, 2.9365000000, 2.9693000000, 2.9978000000
3.0245000000, 3.0481000000, 3.0722000000, 3.0946000000
3.1156000000, 3.1361000000, 3.1566000000, 3.1777000000
3.1975000000, 3.2167000000, 3.2359000000, 3.2545000000
3.2688000000, 3.2862000000, 3.3023000000, 3.3178000000
3.3333000000, 3.3494000000, 3.3649000000, 3.3823000000
3.3990000000, 3.4151000000, 3.4319000000, 3.4480000000
3.4647000000, 3.4815000000, 3.4995000000, 3.5168000000
3.5348000000, 3.5522000000, 3.5695000000, 3.5881000000
3.6061000000, 3.6278000000, 3.6582000000, 3.6917000000
3.7134000000, 3.7264000000, 3.7363000000, 3.7450000000
3.7555000000, 3.7692000000, 3.7841000000, 3.7989000000
3.8101000000, 3.8225000000, 3.8343000000, 3.8454000000
3.8560000000, 3.8665000000, 3.8764000000, 3.8864000000
3.8957000000, 3.9056000000, 3.9155000000, 3.9254000000
3.9353000000, 3.9453000000, 3.9558000000, 3.9651000000
3.9756000000, 3.9862000000, 3.9967000000, 4.0079000000
4.0197000000, 4.0314000000, 4.0445000000, 4.0581000000
4.0718000000, 4.0854000000, 4.0997000000, 4.1139000000
4.1276000000, 4.1412000000, 4.1548000000, 4.1679000000
4.1803000000, 4.1933000000, 4.2057000000, 4.2181000000
4.2299000000, 4.2423000000, 4.2540000000, 4.2652000000
4.2764000000, 4.2881000000, 4.2993000000, 4.3105000000
4.3204000000, 4.3322000000, 4.3439000000, 4.3576000000
4.3756000000, 4.4041000000, 4.4407000000, 4.4655000000
4.4835000000, 2.8999662760, 2.9522395833, 2.9971136719
3.0341326823, 3.0653316406, 3.0923394531, 3.1169985677
3.1395971354, 3.1601856771, 3.1803779948, 3.2006100260
3.2209169271, 3.2407928385, 3.2603002604, 3.2794528646
3.2980440104, 3.3149255208, 3.3325838542, 3.3494609375
3.3656268229, 3.3815908854, 3.3974875000, 3.4130578125
3.4290351562, 3.4448380208, 3.4606145833, 3.4767973958
3.4928468750, 3.5092158854, 3.5255518229, 3.5419963542
3.5581713542, 3.5744044271, 3.5900643229, 3.6052763021
3.6207072917, 3.6359013021, 3.6522085938, 3.6709335938
3.6906023438, 3.7060924479, 3.7183950521, 3.7301356771
3.7449997396, 3.7591026042, 3.7709304688, 3.7820200521
3.7929648438, 3.8030385417, 3.8153572917, 3.8289447917
3.8422039062, 3.8555083333, 3.8693190104, 3.8822755208
3.8945067708, 3.9065617187, 3.9192398437, 3.9317684896
3.9440083333, 3.9556838542, 3.9670630208, 3.9783489583
3.9889330729, 3.9998817708, 4.0108158854, 4.0218135417
4.0330567708, 4.0446247396, 4.0563114583, 4.0684705729
4.0812976563, 4.0946692708, 4.1086453125, 4.1240794271
4.1405619792, 4.1568713542, 4.1723304688, 4.1870322917
4.2009317708, 4.2141677083, 4.2273145833, 4.2400557292
4.2525716146, 4.2646825521, 4.2767140625, 4.2884356771
4.2997476563, 4.3109213542, 4.3221148437, 4.3328010417
4.3433848958, 4.3534164063, 4.3639729167, 4.3743885417
4.3854864583, 4.3982294271, 4.4151546875, 4.4364302083
4.4572330729, 4.4841812500, 2.8996497070, 2.9656546875
3.0208602539, 3.0644495117, 3.0997737305, 3.1296295898
3.1544989258, 3.1776478516, 3.1964892578, 3.2164584961
3.2358075195, 3.2556626953, 3.2749196289, 3.2934501953
3.3135146484, 3.3309080078, 3.3492941406, 3.3668378906
3.3835207031, 3.4004701172, 3.4160181641, 3.4313656250
3.4472183594, 3.4604513672, 3.4767785156, 3.4920359375
3.5074230469, 3.5228851563, 3.5390369141, 3.5538888672
3.5691722656, 3.5850285156, 3.6001533203, 3.6143482422
3.6276322266, 3.6420054687, 3.6551009766, 3.6681064453
3.6807501953, 3.6927267578, 3.7057193359, 3.7172962891
3.7298267578, 3.7449998047, 3.7616519531, 3.7726478516
3.7815900391, 3.7916986328, 3.8007539063, 3.8118929688
3.8265335937, 3.8405529297, 3.8546812500, 3.8698642578
3.8845566406, 3.8992800781, 3.9121962891, 3.9266798828
3.9410513672, 3.9558062500, 3.9682878906, 3.9823722656
3.9944117187, 4.0056248047, 4.0174113281, 4.0285119141
4.0403351563, 4.0515675781, 4.0628935547, 4.0755335938
4.0863279297, 4.0987482422, 4.1122019531, 4.1254839844
4.1421345703, 4.1596464844, 4.1777535156, 4.1945978516
4.2103242188, 4.2242738281, 4.2385507812, 4.2513609375
4.2646167969, 4.2765037109, 4.2881869141, 4.3009605469
4.3123767578, 4.3230607422, 4.3341910156, 4.3452611328
4.3554257813, 4.3655136719, 4.3761623047, 4.3854796875
4.3953164063, 4.4045648438, 4.4145720703, 4.4263410156
4.4393476562, 4.4580498047, 4.4898609375, 2.8999248535
2.9697773438, 3.0295301270, 3.0774997559, 3.1160868652
3.1465147949, 3.1713494629, 3.1937489258, 3.2132446289
3.2322042480, 3.2498287598, 3.2677813477, 3.2862598145
3.3046750977, 3.3229573242, 3.3405790039, 3.3577220703
3.3751439453, 3.3920603516, 3.4082600586, 3.4234840820
3.4386078125, 3.4536841797, 3.4681506836, 3.4827142578
3.4972679688, 3.5119615234, 3.5266925781, 3.5418434570
3.5561444336, 3.5712361328, 3.5867642578, 3.6012516602
3.6161241211, 3.6303911133, 3.6431527344, 3.6568004883
3.6690532227, 3.6811250977, 3.6930883789, 3.7054846680
3.7173231445, 3.7284383789, 3.7416999023, 3.7573759766
3.7702989258, 3.7800200195, 3.7887993164, 3.7977019531
3.8077464844, 3.8211167969, 3.8354264648, 3.8492906250
3.8638821289, 3.8786033203, 3.8926650391, 3.9062231445
3.9195649414, 3.9341256836, 3.9482031250, 3.9638689453
3.9790361328, 3.9930558594, 4.0047124023, 4.0163556641
4.0279809570, 4.0391175781, 4.0498837891, 4.0615967773
4.0733667969, 4.0846139648, 4.0970241211, 4.1091759766
4.1229169922, 4.1376422852, 4.1550982422, 4.1739017578
4.1919489258, 4.2073871094, 4.2216119141, 4.2353003906
4.2483554687, 4.2608833984, 4.2733268555, 4.2852434570
4.2979552734, 4.3092883789, 4.3204553711, 4.3311955078
4.3422555664, 4.3532628906, 4.3628068359, 4.3727561523
4.3826648437, 4.3926082031, 4.4029324219, 4.4119860352
4.4221955078, 4.4348988281, 4.4512249023, 4.4785804687
origin_ocv_table_end
temp_break_points_table_start
4=col
0x57b4fd9b=crc
10.0, 20.0, 30.0, 40.0
temp_break_points_table_end
max_limit_list_table_start
12=col
0xf2426c42=crc
4.6, 46.0, 8.5, 1.0, 0.0, 0.0, 0.0, 0.0, 18.7, 18.2, 18.2, 18.2
max_limit_list_table_end
min_limit_list_table_start
12=col
0xb484c6c8=crc
2.9, 19.0, 0.5, 0.0, 0.0, 0.0, 0.0, 0.0, -18.7, 2.0, 2.0, 2.0
min_limit_list_table_end
initial_charge_current_table_start
6=col
0x0=crc
0.0, 0.0, 0.0, 0.0, 0.0, 0.0
initial_charge_current_table_end
max_voltage_table_start
4=col
0xe2fa1991=crc
4.45, 4.50, 4.55, 4.56
max_voltage_table_end
controller_parameters_table_start
4=col
0x6af0e7db=crc
3.0, 3.0, 15.0, 15.0
controller_parameters_table_end
soc_bp_3_table_start
4=col
0x9186b1f2=crc
0.00, 0.33, 0.80, 1.00
soc_bp_3_table_end
battery_property_table_start
4=col
0x3e1956dc=crc
1, 1, 3, 2
battery_property_table_end
cathode_ocv_table_start
4=col
0x4ede1b77=crc
3.8001000000, 3.8098000000, 3.8168000000, 3.8224000000
3.8268000000, 3.8290000000, 3.8332000000, 3.8355000000
3.8373000000, 3.8386000000, 3.8408000000, 3.8445000000
3.8466000000, 3.8497000000, 3.8537000000, 3.8574000000
3.8572000000, 3.8609000000, 3.8637000000, 3.8662000000
3.8690000000, 3.8730000000, 3.8761000000, 3.8814000000
3.8860000000, 3.8906000000, 3.8953000000, 3.9000000000
3.9052000000, 3.9111000000, 3.9180000000, 3.9250000000
3.9331000000, 3.9412000000, 3.9492000000, 3.9588000000
3.9682000000, 3.9815000000, 4.0029000000, 4.0271000000
4.0379000000, 4.0376000000, 4.0323000000, 4.0258000000
4.0249000000, 4.0314000000, 4.0411000000, 4.0512000000
4.0574000000, 4.0649000000, 4.0711000000, 4.0760000000
4.0807000000, 4.0856000000, 4.0912000000, 4.0969000000
4.1027000000, 4.1092000000, 4.1163000000, 4.1238000000
4.1318000000, 4.1393000000, 4.1480000000, 4.1554000000
4.1640000000, 4.1728000000, 4.1817000000, 4.1914000000
4.2019000000, 4.2121000000, 4.2233000000, 4.2357000000
4.2478000000, 4.2599000000, 4.2730000000, 4.2853000000
4.2978000000, 4.3101000000, 4.3225000000, 4.3343000000
4.3455000000, 4.3573000000, 4.3687000000, 4.3802000000
4.3914000000, 4.4032000000, 4.4145000000, 4.4257000000
4.4369000000, 4.4493000000, 4.4611000000, 4.4735000000
4.4853000000, 4.4986000000, 4.5125000000, 4.5274000000
4.5464000000, 4.5739000000, 4.6065000000, 4.6205000000
4.6059000000, 3.8001662760, 3.8196395833, 3.8347136719
3.8457326823, 3.8533316406, 3.8583394531, 3.8615985677
3.8640971354, 3.8647856771, 3.8657779948, 3.8668100260
3.8688169271, 3.8709928385, 3.8738002604, 3.8764528646
3.8799440104, 3.8819255208, 3.8855838542, 3.8888609375
3.8917268229, 3.8952908854, 3.8983875000, 3.9019578125
3.9055351563, 3.9095380208, 3.9132145833, 3.9175973958
3.9215468750, 3.9267158854, 3.9319518229, 3.9377963542
3.9440713542, 3.9504044271, 3.9570643229, 3.9632763021
3.9707072917, 3.9778013021, 3.9864085937, 3.9976335937
4.0096023438, 4.0160924479, 4.0162950521, 4.0131356771
4.0174997396, 4.0263026042, 4.0337304687, 4.0411200521
4.0477648437, 4.0534385417, 4.0595572917, 4.0657447917
4.0722039063, 4.0796083333, 4.0881190104, 4.0961755208
4.1040067708, 4.1126617188, 4.1225398438, 4.1319684896
4.1417083333, 4.1515838542, 4.1607630208, 4.1702489583
4.1792330729, 4.1882817708, 4.1980158854, 4.2071135417
4.2168567708, 4.2268247396, 4.2370114583, 4.2479705729
4.2588976563, 4.2706692708, 4.2834453125, 4.2973794271
4.3122619792, 4.3263713542, 4.3403304688, 4.3531322917
4.3655317708, 4.3765677083, 4.3882145833, 4.3996557292
4.4106716146, 4.4214825521, 4.4323140625, 4.4427356771
4.4531476562, 4.4637213542, 4.4743148438, 4.4843010417
4.4945848958, 4.5049164062, 4.5158729167, 4.5268885417
4.5385864583, 4.5516294271, 4.5673546875, 4.5833302083
4.5911330729, 4.5851812500, 3.7998497070, 3.8206546875
3.8367602539, 3.8484495117, 3.8564737305, 3.8627295898
3.8662989258, 3.8689478516, 3.8685892578, 3.8696584961
3.8707075195, 3.8722626953, 3.8735196289, 3.8749501953
3.8789146484, 3.8799080078, 3.8833941406, 3.8867378906
3.8897207031, 3.8936701172, 3.8965181641, 3.8997656250
3.9038183594, 3.9052513672, 3.9097785156, 3.9139359375
3.9178230469, 3.9217851562, 3.9265369141, 3.9301888672
3.9349722656, 3.9405285156, 3.9454533203, 3.9500482422
3.9552322266, 3.9613054688, 3.9666009766, 3.9722064453
3.9776501953, 3.9834267578, 3.9896193359, 3.9949962891
4.0013267578, 4.0093998047, 4.0158519531, 4.0175478516
4.0214900391, 4.0278986328, 4.0338539063, 4.0421929688
4.0521335937, 4.0599529297, 4.0666812500, 4.0747642578
4.0826566406, 4.0907800781, 4.0978962891, 4.1076798828
4.1174513672, 4.1284062500, 4.1371878906, 4.1481722656
4.1574117187, 4.1665248047, 4.1764113281, 4.1859119141
4.1956351562, 4.2055675781, 4.2153935547, 4.2267335937
4.2363279297, 4.2475482422, 4.2591019531, 4.2707839844
4.2853345703, 4.3006464844, 4.3159535156, 4.3296978516
4.3426242188, 4.3537738281, 4.3662507812, 4.3765609375
4.3882167969, 4.3986037109, 4.4090869141, 4.4205605469
4.4307767578, 4.4408607422, 4.4506910156, 4.4608611328
4.4704257813, 4.4798136719, 4.4898623047, 4.4988796875
4.5081164063, 4.5164648437, 4.5245720703, 4.5310410156
4.5341476563, 4.5330498047, 4.5310609375, 3.8001248535
3.8160773437, 3.8312301270, 3.8425997559, 3.8519868652
3.8576147949, 3.8610494629, 3.8633489258, 3.8639446289
3.8643042480, 3.8636287598, 3.8635813477, 3.8646598145
3.8657750977, 3.8672573242, 3.8693790039, 3.8710220703
3.8748439453, 3.8778603516, 3.8809600586, 3.8837840820
3.8865078125, 3.8901841797, 3.8928506836, 3.8962142578
3.8986679687, 3.9022615234, 3.9051925781, 3.9091434570
3.9123444336, 3.9165361328, 3.9221642578, 3.9267516602
3.9329241211, 3.9387911133, 3.9431527344, 3.9494004883
3.9545532227, 3.9598250977, 3.9651883789, 3.9713846680
3.9777231445, 3.9823383789, 3.9855999023, 3.9944759766
4.0033989258, 4.0106200195, 4.0168993164, 4.0227019531
4.0281464844, 4.0343167969, 4.0418264648, 4.0491906250
4.0566821289, 4.0649033203, 4.0739650391, 4.0826231445
4.0909649414, 4.1012256836, 4.1106031250, 4.1228689453
4.1346361328, 4.1461558594, 4.1559124023, 4.1660556641
4.1763809570, 4.1860175781, 4.1951837891, 4.2059967773
4.2165667969, 4.2265139648, 4.2377241211, 4.2482759766
4.2605169922, 4.2733422852, 4.2883982422, 4.3037017578
4.3186489258, 4.3309871094, 4.3431119141, 4.3549003906
4.3664554687, 4.3776833984, 4.3886268555, 4.3995434570
4.4110552734, 4.4214883789, 4.4320553711, 4.4417955078
4.4519555664, 4.4620628906, 4.4703068359, 4.4796561523
4.4883648438, 4.4973082031, 4.5064324219, 4.5129860352
4.5175955078, 4.5185988281, 4.5141249023, 4.5082804687
cathode_ocv_table_end
si_anode_soc_table_start
4=col
0x4b4c2648=crc
1.0000000000, 0.9999975000, 0.9999962000, 0.9999949000
0.9999936000, 0.9999923000, 0.9999910000, 0.9999893571
0.9999879286, 0.9999865000, 0.9999850714, 0.9999836429
0.9999822143, 0.9999807857, 0.9999793571, 0.9998294582
0.9984082770, 0.9961533360, 0.9935952097, 0.9907338980
0.9875125538, 0.9837985333, 0.9794023459, 0.9743618896
0.9681276410, 0.9604722112, 0.9517935308, 0.9420347526
0.9312527239, 0.9195421901, 0.9065620677, 0.8922934076
0.8767741080, 0.8600231179, 0.8409792887, 0.8204195327
0.7984006973, 0.7758133894, 0.7524681182, 0.7299187084
0.7081651602, 0.6870369318, 0.6675572736, 0.6484565971
0.6302844257, 0.6121880507, 0.5951338753, 0.5788376632
0.5621245713, 0.5462452390, 0.5294563508, 0.5134254259
0.4975839918, 0.4816667614, 0.4659958691, 0.4504386713
0.4351846588, 0.4197980028, 0.4048661247, 0.3897068577
0.3752676558, 0.3609231994, 0.3467871828, 0.3332575370
0.3201447710, 0.3075057321, 0.2949993368, 0.2830614140
0.2712561348, 0.2602656662, 0.2490099104, 0.2382657798
0.2276732420, 0.2171565005, 0.2067534535, 0.1965398973
0.1863073920, 0.1763022758, 0.1666761412, 0.1568036685
0.1471206867, 0.1371345195, 0.1277547231, 0.1185265192
0.1091467228, 0.1002975006, 0.0915809221, 0.0833191215
0.0751141682, 0.0672502984, 0.0596138177, 0.0523184204
0.0453641066, 0.0385803346, 0.0321186971, 0.0260549902
0.0203702651, 0.0147992345, 0.0094366437, 0.0043393402
0.0000000000, 1.0000000000, 0.9999975000, 0.9999962000
0.9999949000, 0.9999936000, 0.9999923000, 0.9998879964
0.9984959519, 0.9961118756, 0.9935197926, 0.9908797082
0.9880316170, 0.9849755192, 0.9817114148, 0.9782873052
0.9742231751, 0.9699190374, 0.9650868828, 0.9597427118
0.9537905213, 0.9471503088, 0.9397100707, 0.9314858075
0.9226535249, 0.9124771993, 0.9010208327, 0.8881244200
0.8736759576, 0.8572594323, 0.8388588435, 0.8180421773
0.7953374508, 0.7709206695, 0.7467918973, 0.7224391181
0.6972703127, 0.6745335851, 0.6528848923, 0.6323242344
0.6136676374, 0.5959870716, 0.5794745432, 0.5637780409
0.5480335371, 0.5321610292, 0.5168325386, 0.5015520497
0.4860635540, 0.4701270441, 0.4540465295, 0.4389420461
0.4236455567, 0.4088290825, 0.3939486064, 0.3793561394
0.3653396909, 0.3516752536, 0.3383948286, 0.3254824154
0.3130500176, 0.3013376428, 0.2897692726, 0.2784569106
0.2672565522, 0.2566002112, 0.2461038753, 0.2359595507
0.2257512240, 0.2157829051, 0.2063106019, 0.1964222855
0.1868059778, 0.1771896701, 0.1676213639, 0.1582290633
0.1489007648, 0.1397164709, 0.1307401837, 0.1222279113
0.1136516369, 0.1052193670, 0.0969631028, 0.0892828571
0.0819066210, 0.0748663957, 0.0681781817, 0.0618259784
0.0559217895, 0.0502256072, 0.0447854331, 0.0396492688
0.0347051106, 0.0300809626, 0.0256008192, 0.0213926846
0.0173765560, 0.0136004352, 0.0099363180, 0.0063682038
0.0029920957, 0.0000000000, 1.0000000000, 0.9999975000
0.9999962000, 0.9999949000, 0.9996046389, 0.9976937269
0.9952556668, 0.9926528730, 0.9898688719, 0.9869530838
0.9839055087, 0.9806437797, 0.9772502636, 0.9735108065
0.9693595150, 0.9647634423, 0.9597390617, 0.9541875329
0.9479935424, 0.9414865577, 0.9340241170, 0.9256556405
0.9161175540, 0.9053769109, 0.8933678176, 0.8797608065
0.8637486821, 0.8468305219, 0.8268647865, 0.8044939378
0.7800144966, 0.7545466526, 0.7288481813, 0.7042369531
0.6815201634, 0.6590998946, 0.6381951766, 0.6186577491
0.5998616236, 0.5827457828, 0.5659594096, 0.5502602794
0.5350224038, 0.5196527412, 0.5042995519, 0.4886827886
0.4733295994, 0.4576139958, 0.4422278598, 0.4273523985
0.4121145229, 0.3973708487, 0.3829731154, 0.3688554296
0.3551495783, 0.3415919873, 0.3288580654, 0.3165689246
0.3044280443, 0.2928307855, 0.2813817870, 0.2706740907
0.2594557196, 0.2490774908, 0.2385839483, 0.2286175540
0.2186346863, 0.2088659726, 0.1988007380, 0.1888672905
0.1792797839, 0.1696593305, 0.1603683448, 0.1509785187
0.1415722193, 0.1326271745, 0.1235338693, 0.1152148129
0.1070440169, 0.0989061676, 0.0915590406, 0.0841789668
0.0772766210, 0.0707202161, 0.0647403795, 0.0590241170
0.0535549552, 0.0484482077, 0.0437038745, 0.0389101212
0.0344458355, 0.0303274908, 0.0263409331, 0.0224696890
0.0189608593, 0.0154520295, 0.0120090933, 0.0087144175
0.0056338956, 0.0026686874, 0.0000000000, 1.0000000000
0.9999975000, 0.9999962000, 0.9996352738, 0.9977164967
0.9952744168, 0.9925151837, 0.9896766623, 0.9866637066
0.9834921742, 0.9801462076, 0.9766099491, 0.9728516833
0.9689031255, 0.9644471226, 0.9593726709, 0.9539176353
0.9480503005, 0.9413425096, 0.9338735510, 0.9258337166
0.9164459809, 0.9056944863, 0.8937219518, 0.8794659140
0.8634338180, 0.8451499342, 0.8238530946, 0.8006533357
0.7754555113, 0.7485609172, 0.7226494981, 0.6972455242
0.6734748894, 0.6514485974, 0.6304847687, 0.6118678740
0.5942024389, 0.5769810184, 0.5606317692, 0.5445362427
0.5293921758, 0.5136613755, 0.4985965969, 0.4838965446
0.4685304705, 0.4533388307, 0.4379410412, 0.4225115364
0.4077321958, 0.3930321435, 0.3792994085, 0.3652495203
0.3514850700, 0.3386562218, 0.3260176654, 0.3136486894
0.3014382899, 0.2899573429, 0.2789045527, 0.2679151932
0.2570844103, 0.2465866383, 0.2360412934, 0.2257020980
0.2157593441, 0.2056897290, 0.1958104058, 0.1861372322
0.1760359017, 0.1663785858, 0.1566895546, 0.1472542459
0.1379775138, 0.1288276431, 0.1203279364, 0.1118123721
0.1037091071, 0.0958912799, 0.0886443285, 0.0817145304
0.0750543125, 0.0688539668, 0.0635099348, 0.0579914686
0.0530438781, 0.0481597184, 0.0436085695, 0.0393904315
0.0351405782, 0.0313030241, 0.0277033349, 0.0240243574
0.0206308178, 0.0173482818, 0.0142243225, 0.0111162208
0.0081349804, 0.0052647437, 0.0024262222, 0.0000000000
si_anode_soc_table_end
gr_anode_soc_table_start
4=col
0x54c4e8c8=crc
1.0000000000, 0.9999999900, 0.9999999800, 0.9999999700
0.9999999600, 0.9999999500, 0.9999999400, 0.9999999300
0.9999999200, 0.9999999100, 0.9999999000, 0.9999998900
0.9999998800, 0.9999998700, 0.9999998600, 0.9999998500
0.9999998400, 0.7432403318, 0.6813799418, 0.6264138748
0.5288161155, 0.3894753851, 0.3153344824, 0.2697942475
0.2389852418, 0.2134008402, 0.1922061833, 0.1751050307
0.1563072283, 0.1212700636, 0.0942583217, 0.0819778089
0.0743024884, 0.0688085748, 0.0644188301, 0.0607023592
0.0574437143, 0.0545621028, 0.0519498007, 0.0494721534
0.0471560918, 0.0449746849, 0.0429010018, 0.0409619735
0.0391037380, 0.0374070882, 0.0357373694, 0.0341215124
0.0325056555, 0.0310244533, 0.0295971130, 0.0282236346
0.0269578800, 0.0256921254, 0.0245071636, 0.0233222019
0.0221911020, 0.0210869331, 0.0200635570, 0.0190671119
0.0180975978, 0.0171550145, 0.0162932242, 0.0154045029
0.0145696434, 0.0137886459, 0.0130345793, 0.0123074437
0.0115803081, 0.0109070344, 0.0102068297, 0.0096143488
0.0089949370, 0.0084293871, 0.0078369062, 0.0073252181
0.0067865992, 0.0063018421, 0.0058170850, 0.0053861898
0.0049552946, 0.0045513304, 0.0041473662, 0.0037972638
0.0034740924, 0.0031778520, 0.0028816115, 0.0026123021
0.0023699235, 0.0021006140, 0.0018851664, 0.0016427879
0.0014542712, 0.0012657546, 0.0010233761, 0.0008617904
0.0006732737, 0.0004847571, 0.0003231714, 0.0001615857
0.0000000000, 1.0000000000, 0.9999999900, 0.9999999800
0.9999999700, 0.9999999600, 0.9999999500, 0.9999999400
0.9999529611, 0.9984712357, 0.9959781739, 0.9926148925
0.9867585493, 0.9710945952, 0.6613669505, 0.6023566489
0.5649842420, 0.4958370572, 0.3241215485, 0.2588550731
0.2243990780, 0.1966696458, 0.1758784515, 0.1606848864
0.1453502046, 0.1324145068, 0.1218072346, 0.0831177384
0.0603744297, 0.0524718943, 0.0485206266, 0.0457453314
0.0434404252, 0.0414177525, 0.0395361964, 0.0377957571
0.0361729150, 0.0345735924, 0.0330683475, 0.0315866221
0.0301989746, 0.0288818853, 0.0275883155, 0.0263888236
0.0252363705, 0.0241074369, 0.0230020227, 0.0219436474
0.0209558305, 0.0199444941, 0.0190037161, 0.0181570159
0.0173103156, 0.0164636154, 0.0156639541, 0.0149113317
0.0141587093, 0.0134531257, 0.0127710617, 0.0121595560
0.0115010113, 0.0109130251, 0.0103250388, 0.0097840914
0.0092196246, 0.0087021967, 0.0082318077, 0.0077378992
0.0072910297, 0.0068676796, 0.0064443295, 0.0060209793
0.0056446681, 0.0052683569, 0.0049155652, 0.0045862929
0.0042335011, 0.0039277482, 0.0036455148, 0.0033632814
0.0030810480, 0.0028458535, 0.0025871396, 0.0023989840
0.0022108284, 0.0019991533, 0.0018345171, 0.0016698810
0.0015287643, 0.0013876476, 0.0012465309, 0.0011054142
0.0009642975, 0.0008467002, 0.0007291030, 0.0005879863
0.0004939085, 0.0003998307, 0.0002822334, 0.0001881556
0.0000000000, 0.0000000000, 1.0000000000, 0.9999999900
0.9999999800, 0.9999999700, 0.9999999600, 0.9998606045
0.9980484632, 0.9953767163, 0.9921938527, 0.9877564296
0.9805310968, 0.9673582232, 0.7191413238, 0.5974258300
0.5625537253, 0.5244290593, 0.3546918198, 0.2688706642
0.2319308598, 0.2067002765, 0.1813999954, 0.1641149548
0.1504774295, 0.1358873684, 0.1248054271, 0.1096113189
0.0662128569, 0.0536440304, 0.0488116535, 0.0459540460
0.0437004856, 0.0417024836, 0.0398438771, 0.0381014335
0.0364983853, 0.0349418024, 0.0334316846, 0.0319680320
0.0305740771, 0.0292498199, 0.0279720280, 0.0267639337
0.0256023047, 0.0244871408, 0.0233952094, 0.0223265107
0.0213275097, 0.0203517413, 0.0193992054, 0.0185163674
0.0176567618, 0.0168203889, 0.0160304811, 0.0152405734
0.0145203634, 0.0138233859, 0.0131264085, 0.0124758962
0.0118486165, 0.0112445694, 0.0106405223, 0.0100829403
0.0095485909, 0.0090374742, 0.0085495899, 0.0080384732
0.0075970541, 0.0071556351, 0.0067374486, 0.0063192621
0.0059243082, 0.0055525869, 0.0051808656, 0.0048323769
0.0044838882, 0.0041818646, 0.0038798411, 0.0036010501
0.0033222591, 0.0030667007, 0.0028111423, 0.0025788165
0.0023697233, 0.0021606301, 0.0019980020, 0.0017889088
0.0016495133, 0.0015101178, 0.0013474897, 0.0012313268
0.0010919313, 0.0009525358, 0.0008363729, 0.0007434426
0.0006272797, 0.0005111168, 0.0003949539, 0.0003252561
0.0002090932, 0.0001161629, 0.0000000000, 1.0000000000
0.9999999900, 0.9999999800, 0.9996115085, 0.9969606252
0.9938069883, 0.9906076464, 0.9870198131, 0.9823579149
0.9758906739, 0.9647615348, 0.8856463813, 0.5992824333
0.5588336114, 0.5296053383, 0.3788249274, 0.2784570031
0.2446125368, 0.2184007861, 0.1935830343, 0.1715989854
0.1570191275, 0.1431934002, 0.1298475742, 0.1199753194
0.0808976439, 0.0574967435, 0.0509609452, 0.0477387509
0.0453163921, 0.0432596723, 0.0413172147, 0.0396032816
0.0378664960, 0.0362439727, 0.0346900066, 0.0332045979
0.0317648941, 0.0304394525, 0.0291140108, 0.0278571265
0.0266459471, 0.0254576201, 0.0243378505, 0.0233094906
0.0222582783, 0.0212756233, 0.0202929683, 0.0193560182
0.0184876254, 0.0176192326, 0.0167965447, 0.0160195617
0.0152425787, 0.0145113005, 0.0138257273, 0.0131401540
0.0124774332, 0.0118604173, 0.0112434014, 0.0106720903
0.0101236317, 0.0095980255, 0.0090724194, 0.0085696657
0.0080897644, 0.0076098631, 0.0071985192, 0.0067871752
0.0063529788, 0.0059644873, 0.0055759958, 0.0052103567
0.0048904225, 0.0045476359, 0.0042048493, 0.0039077675
0.0035878334, 0.0033136041, 0.0030622272, 0.0028108503
0.0025823259, 0.0023766539, 0.0021709820, 0.0019653100
0.0018053429, 0.0016682283, 0.0015082612, 0.0013711465
0.0012340319, 0.0010740648, 0.0009826550, 0.0008226879
0.0007312781, 0.0006170159, 0.0005027537, 0.0003884915
0.0002970817, 0.0001828195, 0.0001142622, 0.0000000000
gr_anode_soc_table_end
anode_soc_table_start
4=col
0xb7fb6274=crc
1.0000000000, 0.9999988491, 0.9999982481, 0.9999976470
0.9999970460, 0.9999964449, 0.9999958438, 0.9999950857
0.9999944257, 0.9999937658, 0.9999931058, 0.9999924458
0.9999917859, 0.9999911259, 0.9999904659, 0.9999217792
0.9992706115, 0.8591209885, 0.8244319387, 0.7933394296
0.7389834205, 0.6617846598, 0.6195996600, 0.5926157700
0.5730665214, 0.5556968853, 0.5402368468, 0.5264998517
0.5113747474, 0.4870254685, 0.4664427882, 0.4532513384
0.4419820333, 0.4313303089, 0.4202262992, 0.4087925069
0.3969382455, 0.3850278019, 0.3729159880, 0.3612417831
0.3500197788, 0.3391572441, 0.3291084241, 0.3193062056
0.3099731880, 0.3007624488, 0.2920438202, 0.2837016615
0.2751684951, 0.2670903021, 0.2586245484, 0.2505352646
0.2425911689, 0.2346123446, 0.2267901632, 0.2190200749
0.2114180844, 0.2037699104, 0.1963738832, 0.1888882616
0.1817471539, 0.1746640487, 0.1677202221, 0.1610396332
0.1545792352, 0.1483650745, 0.1422262805, 0.1363625431
0.1305595809, 0.1251591350, 0.1196225472, 0.1143787443
0.1091898071, 0.1040647817, 0.0989772578, 0.0940203304
0.0890401291, 0.0841932971, 0.0795201084, 0.0747632348
0.0700931829, 0.0652988079, 0.0607822622, 0.0563643570
0.0518915862, 0.0476765076, 0.0435222041, 0.0395908642
0.0357001624, 0.0319511480, 0.0283355027, 0.0248615448
0.0215730492, 0.0183626930, 0.0152707503, 0.0124049080
0.0096981173, 0.0070434196, 0.0044988173, 0.0020757654
0.0000000000, 1.0000000000, 0.9999988018, 0.9999981762
0.9999975507, 0.9999969251, 0.9999962995, 0.9999465219
0.9992576948, 0.9973453790, 0.9948050656, 0.9917868846
0.9873660411, 0.9777183960, 0.8142312637, 0.7817459876
0.7602678677, 0.7220629621, 0.6299820722, 0.5933097601
0.5724554188, 0.5547894946, 0.5403692072, 0.5285013046
0.5162694851, 0.5046505247, 0.4936380754, 0.4672567114
0.4484715981, 0.4365062947, 0.4256599943, 0.4142755859
0.4022361443, 0.3895272871, 0.3770296419, 0.3644988809
0.3516402039, 0.3399543798, 0.3288369373, 0.3182509874
0.3086228163, 0.2994972837, 0.2909414200, 0.2828241386
0.2747085441, 0.2665441639, 0.2586516782, 0.2508066908
0.2428993340, 0.2347658942, 0.2266006260, 0.2189502926
0.2112083363, 0.2036954372, 0.1961765897, 0.1888197691
0.1817378172, 0.1748484331, 0.1681545911, 0.1616732485
0.1553963705, 0.1494999672, 0.1436722811, 0.1379913513
0.1323515720, 0.1269959834, 0.1217413398, 0.1166423752
0.1115374622, 0.1065593741, 0.1018179784, 0.0968780665
0.0920925462, 0.0873070259, 0.0825567076, 0.0779026732
0.0732668835, 0.0687244036, 0.0642934780, 0.0600839744
0.0558439299, 0.0516971951, 0.0476221516, 0.0438588656
0.0402406493, 0.0367704767, 0.0334928720, 0.0303756073
0.0274844257, 0.0246925022, 0.0220227425, 0.0194980525
0.0170649853, 0.0147969192, 0.0125975703, 0.0105157243
0.0085500937, 0.0066989916, 0.0048890400, 0.0031371962
0.0014277901, 0.0000000000, 1.0000000000, 0.9999987886
0.9999981563, 0.9999975239, 0.9998092283, 0.9988151450
0.9967010149, 0.9940625360, 0.9910721127, 0.9873688371
0.9821591587, 0.9737681427, 0.8436718648, 0.7788765989
0.7588264507, 0.7368784187, 0.6466106522, 0.5995174077
0.5774116220, 0.5612146655, 0.5445206571, 0.5315376161
0.5198779585, 0.5071451368, 0.4956158699, 0.4811874929
0.4510021937, 0.4363349320, 0.4242011213, 0.4119289058
0.3989519627, 0.3856304005, 0.3722697078, 0.3594936978
0.3477038439, 0.3360811001, 0.3252136154, 0.3150298581
0.3052398294, 0.2962965628, 0.2875363023, 0.2793366775
0.2713836425, 0.2633910708, 0.2554184705, 0.2473307264
0.2394062201, 0.2313188823, 0.2234025271, 0.2157686290
0.2079718994, 0.2004256320, 0.1930703186, 0.1858501206
0.1788646919, 0.1719628184, 0.1654583427, 0.1591925088
0.1530102301, 0.1471022574, 0.1412658163, 0.1358110803
0.1301219812, 0.1248502513, 0.1195349092, 0.1144618783
0.1094169699, 0.1044753849, 0.0994027602, 0.0943937191
0.0895636087, 0.0847296258, 0.0800546021, 0.0753439141
0.0706252781, 0.0661532320, 0.0616096542, 0.0574516539
0.0533651852, 0.0493066360, 0.0456295886, 0.0419486689
0.0385102634, 0.0352387650, 0.0322694921, 0.0294033395
0.0266924768, 0.0241564691, 0.0217832930, 0.0194103200
0.0171842826, 0.0151251524, 0.0131416293, 0.0112257654
0.0094727330, 0.0077197007, 0.0059984602, 0.0043727982
0.0028264128, 0.0013476865, 0.0000000000, 1.0000000000
0.9999987975, 0.9999981697, 0.9996228901, 0.9973226265
0.9945097679, 0.9915212025, 0.9882922289, 0.9844200408
0.9795311777, 0.9721295486, 0.9292105720, 0.7781918851
0.7552237371, 0.7378593776, 0.6568603346, 0.6019480063
0.5815023228, 0.5646313912, 0.5481223079, 0.5328164097
0.5207231584, 0.5083697399, 0.4956816094, 0.4837098771
0.4556691701, 0.4347189067, 0.4211137636, 0.4083239319
0.3949939674, 0.3810419151, 0.3676202638, 0.3545607175
0.3422715005, 0.3308772225, 0.3200275024, 0.3103374977
0.3011269811, 0.2921886514, 0.2836680213, 0.2753046277
0.2674207223, 0.2592677270, 0.2514694261, 0.2438934315
0.2359865583, 0.2281989490, 0.2203126107, 0.2124348992
0.2049042877, 0.1974116488, 0.1904060927, 0.1832724618
0.1762755325, 0.1697504969, 0.1633404117, 0.1570594336
0.1508663088, 0.1450463487, 0.1394314411, 0.1338707276
0.1283978674, 0.1230964005, 0.1177721499, 0.1125585364
0.1075466942, 0.1024740957, 0.0975283556, 0.0926813444
0.0876173728, 0.0827898642, 0.0779471665, 0.0732378894
0.0686283735, 0.0640677060, 0.0598184146, 0.0555853445
0.0515378244, 0.0476508219, 0.0440491308, 0.0405993304
0.0372905451, 0.0342139093, 0.0315473785, 0.0287973079
0.0263444565, 0.0239338912, 0.0216709032, 0.0195793085
0.0174725248, 0.0155512910, 0.0137796992, 0.0119344107
0.0102615479, 0.0086299389, 0.0070742752, 0.0055262060
0.0040508012, 0.0026166501, 0.0012215040, 0.0000000000
anode_soc_table_end
fresh_anode_ocv_table_start
4=col
0xaef9ea8a=crc
0.9002000000, 0.8733000000, 0.8475000000, 0.8246000000
0.8023000000, 0.7809000000, 0.7610000000, 0.7409000000
0.7217000000, 0.7025000000, 0.6842000000, 0.6668000000
0.6491000000, 0.6330000000, 0.6178000000, 0.6029000000
0.5884000000, 0.5747000000, 0.5614000000, 0.5484000000
0.5357000000, 0.5236000000, 0.5112000000, 0.4991000000
0.4870000000, 0.4755000000, 0.4634000000, 0.4520000000
0.4405000000, 0.4296000000, 0.4185000000, 0.4082000000
0.3983000000, 0.3890000000, 0.3797000000, 0.3707000000
0.3621000000, 0.3537000000, 0.3447000000, 0.3354000000
0.3245000000, 0.3112000000, 0.2960000000, 0.2808000000
0.2694000000, 0.2622000000, 0.2570000000, 0.2523000000
0.2473000000, 0.2424000000, 0.2368000000, 0.2306000000
0.2247000000, 0.2191000000, 0.2148000000, 0.2105000000
0.2070000000, 0.2036000000, 0.2008000000, 0.1984000000
0.1965000000, 0.1940000000, 0.1922000000, 0.1903000000
0.1884000000, 0.1866000000, 0.1850000000, 0.1835000000
0.1822000000, 0.1807000000, 0.1788000000, 0.1776000000
0.1760000000, 0.1745000000, 0.1733000000, 0.1714000000
0.1702000000, 0.1689000000, 0.1677000000, 0.1664000000
0.1652000000, 0.1640000000, 0.1630000000, 0.1621000000
0.1615000000, 0.1609000000, 0.1605000000, 0.1605000000
0.1605000000, 0.1612000000, 0.1618000000, 0.1630000000
0.1649000000, 0.1664000000, 0.1686000000, 0.1698000000
0.1708000000, 0.1698000000, 0.1658000000, 0.1550000000
0.1224000000, 0.9002000000, 0.8674000000, 0.8376000000
0.8116000000, 0.7880000000, 0.7660000000, 0.7446000000
0.7245000000, 0.7046000000, 0.6854000000, 0.6662000000
0.6479000000, 0.6302000000, 0.6135000000, 0.5970000000
0.5819000000, 0.5670000000, 0.5530000000, 0.5394000000
0.5261000000, 0.5137000000, 0.5009000000, 0.4889000000
0.4765000000, 0.4647000000, 0.4526000000, 0.4408000000
0.4287000000, 0.4175000000, 0.4064000000, 0.3958000000
0.3859000000, 0.3760000000, 0.3670000000, 0.3580000000
0.3500000000, 0.3419000000, 0.3342000000, 0.3267000000
0.3190000000, 0.3100000000, 0.2979000000, 0.2830000000
0.2725000000, 0.2672000000, 0.2628000000, 0.2591000000
0.2548000000, 0.2504000000, 0.2442000000, 0.2368000000
0.2300000000, 0.2241000000, 0.2188000000, 0.2139000000
0.2095000000, 0.2061000000, 0.2033000000, 0.2002000000
0.1977000000, 0.1959000000, 0.1937000000, 0.1919000000
0.1903000000, 0.1884000000, 0.1872000000, 0.1853000000
0.1838000000, 0.1822000000, 0.1807000000, 0.1795000000
0.1776000000, 0.1760000000, 0.1748000000, 0.1733000000
0.1717000000, 0.1695000000, 0.1680000000, 0.1661000000
0.1646000000, 0.1624000000, 0.1609000000, 0.1596000000
0.1581000000, 0.1568000000, 0.1556000000, 0.1543000000
0.1534000000, 0.1528000000, 0.1522000000, 0.1515000000
0.1512000000, 0.1515000000, 0.1519000000, 0.1525000000
0.1531000000, 0.1534000000, 0.1522000000, 0.1469000000
0.1339000000, 0.1010000000, 0.9002000000, 0.8550000000
0.8159000000, 0.7840000000, 0.7567000000, 0.7331000000
0.7118000000, 0.6913000000, 0.6721000000, 0.6532000000
0.6349000000, 0.6166000000, 0.5986000000, 0.5815000000
0.5654000000, 0.5490000000, 0.5341000000, 0.5199000000
0.5062000000, 0.4932000000, 0.4805000000, 0.4684000000
0.4566000000, 0.4448000000, 0.4330000000, 0.4219000000
0.4104000000, 0.3989000000, 0.3875000000, 0.3763000000
0.3658000000, 0.3555000000, 0.3453000000, 0.3357000000
0.3276000000, 0.3193000000, 0.3115000000, 0.3041000000
0.2969000000, 0.2907000000, 0.2839000000, 0.2777000000
0.2715000000, 0.2644000000, 0.2542000000, 0.2449000000
0.2399000000, 0.2362000000, 0.2331000000, 0.2303000000
0.2256000000, 0.2194000000, 0.2120000000, 0.2049000000
0.1981000000, 0.1915000000, 0.1857000000, 0.1810000000
0.1764000000, 0.1726000000, 0.1689000000, 0.1658000000
0.1630000000, 0.1609000000, 0.1590000000, 0.1574000000
0.1553000000, 0.1540000000, 0.1525000000, 0.1512000000
0.1500000000, 0.1488000000, 0.1469000000, 0.1453000000
0.1432000000, 0.1410000000, 0.1382000000, 0.1351000000
0.1323000000, 0.1295000000, 0.1277000000, 0.1252000000
0.1236000000, 0.1221000000, 0.1209000000, 0.1196000000
0.1184000000, 0.1178000000, 0.1165000000, 0.1156000000
0.1150000000, 0.1143000000, 0.1137000000, 0.1134000000
0.1128000000, 0.1119000000, 0.1100000000, 0.1047000000
0.0948000000, 0.0750000000, 0.0412000000, 0.9002000000
0.8463000000, 0.8017000000, 0.7651000000, 0.7359000000
0.7111000000, 0.6897000000, 0.6696000000, 0.6507000000
0.6321000000, 0.6138000000, 0.5958000000, 0.5784000000
0.5611000000, 0.5443000000, 0.5288000000, 0.5133000000
0.4997000000, 0.4858000000, 0.4727000000, 0.4603000000
0.4479000000, 0.4365000000, 0.4247000000, 0.4135000000
0.4014000000, 0.3903000000, 0.3785000000, 0.3673000000
0.3562000000, 0.3453000000, 0.3354000000, 0.3255000000
0.3168000000, 0.3084000000, 0.3000000000, 0.2926000000
0.2855000000, 0.2787000000, 0.2721000000, 0.2659000000
0.2604000000, 0.2539000000, 0.2439000000, 0.2371000000
0.2331000000, 0.2306000000, 0.2281000000, 0.2250000000
0.2204000000, 0.2132000000, 0.2064000000, 0.1999000000
0.1928000000, 0.1863000000, 0.1813000000, 0.1764000000
0.1714000000, 0.1671000000, 0.1624000000, 0.1590000000
0.1556000000, 0.1531000000, 0.1512000000, 0.1497000000
0.1484000000, 0.1469000000, 0.1453000000, 0.1444000000
0.1432000000, 0.1419000000, 0.1407000000, 0.1391000000
0.1376000000, 0.1357000000, 0.1333000000, 0.1298000000
0.1267000000, 0.1236000000, 0.1215000000, 0.1196000000
0.1181000000, 0.1168000000, 0.1153000000, 0.1143000000
0.1131000000, 0.1122000000, 0.1116000000, 0.1106000000
0.1097000000, 0.1088000000, 0.1075000000, 0.1069000000
0.1057000000, 0.1047000000, 0.1035000000, 0.1010000000
0.0954000000, 0.0837000000, 0.0629000000, 0.0297000000
fresh_anode_ocv_table_end
ocv_bp_step_table_start
2=col
0x5ef49927=crc
0.009, 0.009
ocv_bp_step_table_end
